[2, 8, 1], 0.09
[0, 8, 3], 0.03
[0, 6, 0], 0.03
[0, 1, 2], 0.05
[0, 5, 5], 0.05
[0, 3, 3], 0.03
[0, 0, 7], 0.05
[1, 0, 2], 0.04
[0, 3, 0], 0.03
[2, 2, 7], 0.09
[0, 2, 2], 0.02
[0, 2, 5], 0.01
[0, 5, 3], 0.04
[1, 8, 4], 0.03
[0, 8, 6], 0.04
[0, 4, 7], 0.05
[0, 7, 8] -1.0

[2, 1, 8], 0.09
[0, 0, 6], 0.05
[0, 4, 9], 0.04
[0, 5, 7], 0.09
[0, 3, 5], 0.03
[0, 0, 2], 0.02
[0, 2, 2], 0.09
[1, 4, 3], 0.04
[0, 1, 0], 0.02
[2, 6, 5], 0.05
[1, 8, 8], 0.03
[0, 7, 8], 0.01
[0, 5, 0], 0.05
[0, 8, 6], 0.03
[0, 7, 2] -1.0

[0, 0, 1], 0.03
[0, 3, 0], 0.03
[1, 7, 0], 0.15
[1, 3, 2], 0.09
[0, 5, 1], 0.05
[0, 2, 0], 0.03
[0, 5, 0], 0.01
[0, 9, 0], 0.05
[2, 6, 2], 0.03
[1, 1, 4], 0.05
[0, 2, 4], 0.04
[1, 4, 6], 0.05
[1, 1, 9], 0.02
[0, 2, 7], 0.25
[2, 0, 5], 0.05
[1, 1, 0], 0.03
[0, 8, 3], 0.05
[1, 6, 5], 0.09
[0, 3, 7], 0.05
[0, 7, 7], 0.14
[1, 2, 6], 0.05
[0, 4, 8], 0.29
[0, 4, 0], 0.11
[0, 8, 8], 0.05
[0, 7, 9], 0.13
[0, 8, 1], 0.03
[1, 2, 2], 0.09
[1, 4, 0], 0.03
[0, 3, 7], 0.04
[0, 5, 1] -1.0



